3.44827586207,0.048997594724070753@0.024009229372766023@0.011807398440745992@0.0058084544162473207@0.0028574470226539494@0.0014057133206973914@0.00069153699311464323@0.00034019982154189898@0.00016736041585159385@8.2332520547955107e-05@4.0503268980067361e-05@1.9925477650338861e-05@9.8022868176373458e-06@4.822209461717412e-06@2.3722733812513329e-06@1.1670337093384655e-06@5.7411919282186769e-07@2.8243644113538666e-07@1.3894387135902287e-07@6.8353075540972055e-08@3.3626117407572409e-08@1.6542280887070815e-08@8.1379319363635691e-09@4.0034344593575219e-09@1.9694791164160687e-09@9.6888015862883208e-10,1.2695471989
10.3448275862,0.038259373203300785@0.011665445093122563@0.0035633121381795445@0.0010884779382691345@0.00033249538335509933@0.00010156676312829766@3.102541536010549e-05@9.4772774933479369e-06@2.8950068079445972e-06@8.8433249146592441e-07@2.7013544606020981e-07@8.2517785958327107e-08@2.5206558745714866e-08@7.6998018664887685e-09@2.3520445549206641e-09@7.1847478371405335e-10,0.9403994991
17.2413793103,0.029730891683821547@0.0056025542229905237@0.0010566349776616926@0.0001992806407270145@3.7584194148314211e-05@7.0883536136268204e-06@1.3368587006144557e-06@2.5213064737060406e-07@4.7551669663714588e-08@8.9682127812031838e-09@1.6913988505235247e-09@3.1899667206277518e-10,0.7881865203
24.1379310345,0.022940347072728254@0.0026473872835565079@0.00030563183936145735@3.5284163308083693e-05@4.0734374506638629e-06@4.7026459205998567e-07@5.4290458430904062e-08@6.2676500136840095e-09@7.2357903482402491e-10,0.6620430429
31.0344827586,0.01753765977713663@0.0012240637490975145@8.5449827896108888e-05@5.9651086558862807e-06@4.1641419476277919e-07@2.9069174024219011e-08@2.0292700854606377e-09@1.4165991362188028e-10,0.6534955873
37.9310344828,0.01324976023572343@0.00054979699933798397@2.2815565469086788e-05@9.4680405595896049e-07@3.9290629066828234e-08@1.6304889777024496e-09@6.7662283007755227e-11,0.6494693791
44.8275862069,0.0098588412667636148@0.00023749883403718558@5.7215437706368074e-06@1.3783673200310011e-07@3.3206010995103498e-09@7.9996060661919615e-11,0.542061106
51.724137931,0.0071894248478109853@9.7239074909769125e-05@1.3152100712926822e-06@1.7788913907452608e-08@2.4060447363356365e-10,0.4950136224
58.6206896552,0.0050995293599049325@3.6891135918904607e-05@2.6688097968671483e-07@1.9306929987657479e-09@1.3967214159388728e-11,0.6210447092
65.5172413793,0.0034741082044473736@1.2486779790209808e-05@4.4880671647725394e-08@1.61312568858765e-10,0.5441980287
72.4137931034,0.0022199435749078907@3.5120165518767049e-06@5.5561255870797769e-09@8.7899478503287171e-12,0.5479716862
79.3103448276,0.001261573056522307@6.996755313867416e-07@3.8804440564293597e-10,0.4037600346
86.2068965517,0.00053799723715686697@5.9310787072912043e-08@6.5386313613770187e-12,0.4584110608
93.1034482759,3.3040075665046013e-16,0.1520629929
100.0,3.2949423107630721e-16,0.1612636084