# vtk DataFile Version 2.0
Square_Triangle3, Created by Gmsh
ASCII
DATASET UNSTRUCTURED_GRID
POINTS 13 double
0 0 0
1 0 0
1 1 0
0 1 0
0.5000000000013305 1 0
0 0.5000000000013305 0
0.4999999999986718 0 0
1 0.4999999999986718 0
0.5 0.5 0
0.75 0.25 0
0.25 0.25 0
0.25 0.75 0
0.75 0.75 0

CELLS 28 96
1 0
1 1
1 2
1 3
2 2 4
2 4 3
2 3 5
2 5 0
2 0 6
2 6 1
2 1 7
2 7 2
3 0 6 10
3 6 9 10
3 6 1 9
3 10 9 8
3 0 10 5
3 10 11 5
3 10 8 11
3 5 11 3
3 1 7 9
3 7 12 9
3 7 2 12
3 9 12 8
3 2 4 12
3 4 11 12
3 4 3 11
3 12 11 8

CELL_TYPES 28
1
1
1
1
3
3
3
3
3
3
3
3
5
5
5
5
5
5
5
5
5
5
5
5
5
5
5
5
